1100 1101 0010 11111
10101010100001001
11000010100100011
01100000100000000
01100101000000000
00001101100000000
10011101010001101
00000100000000000
01111011000000000
10100110110011000
00101100100000000
11010011110000011
00010100100000000
11001100011100100
00000111000000000
01001001000000000
10100100001010101
11000111111010101
10110111100000001
11001001001101110
00101100000000000
10100010011100011
01011110100000000
11111000110010010
01111101100000000
01011101000000000
11010110111011010
10011101011000010
10101001010110001
10110100101011010
11000111001111100
01111101000000000
01101001000000000
11101100010010011
01100011000000000
00011101100000000
01110101100000000
11100110100000000
00101100100000000
01011101100000000
10000101001111011
11010101001100110
11110001101000010
01001111100000000
01100010100000000
01000000100000000
10001001101110111
10011111000101010
01010011000000000
01001101000000000
00010011100000000
10011101010101100
00010000100000000
00000100100000000
01011101000000000
00011110000000000
00000010000000000
10111000111001010
10100011100010001
11010000110110011
00011000000000000
11111100010001010
10011111010001000
10010111110001010
00101011000000000
10001010111000001
10010011011111011
11111101110000001
11101011011001001
10111111110100000
00011001000000000
10101111101111000
10110001010010111
01011101000000000
11001101101010100
11010010101000101
01001010000000000
01110101000000000
00110100000000000
01000110100000000
01100001100000000
00101001100000000
00001000100000000
10011011100010100
01011010100000000
10110101001111110
00110111100000000
01011001000000000
11011110011010010
00000010000000000
01100110100000000
11100010101111011
11101001111000000
10101001011011011
11101001110011000
11010000001110110
01100000100000000
00111110000000000
00110110100000000
01110100000000000
01101001100000000
11101010010101111
00011000000000000
10010101110101101
10101110110000110
10101010000011001
10111000010110010
01001111100000000
11000010111000100
10100000001001111
01001101000000000
10111111001101010
11100011011101110
10011000101000000
00011101000000000
01010111100000000
00111011000000000
11100001110111110
11010110100101011
10111100001101111
10000001010001001
00110111100000000
01010100000000000
01001111100000000
00101110100000000
00011001100000000
11000010110100001
10000110000000001
00011010000000000
01010111100000000
01001100000000000
11001100110110000
00100010000000000
10101000010111110
10010111011011100
11010111000101000
00011001100000000
10010100111010110
11001101011101110
10111000011001101
00010111100000000
10010010011110001
00011010100000000
01111100100000000
11011001011011001
11000110000000100
10001100111100101
10011101100100101
11010001100000110
01000100100000000
10100000111101110
01001111000000000
00011001000000000
00110101000000000
10010001010000001
00101001100000000
00100100000000000
10101010000100110
01010010000000000
11011001100100001
00001001000000000
10000100000011000
01110110100000000
01110001100000000
10110110001010011
01001101100000000
01001100000000000
00101001100000000
11101011101101001
10000000001101101
01011111100000000
00011000100000000
01000101000000000
00101011100000000
10011101000110010
11011101011001111
01000010100000000
00101100100000000
10100101111101101
01110111000000000
11000111010100111
10010110101010000
10111011110000011
10010000110101000
01001010000000000
01001010100000000
11001100110111011
01100011000000000
00101001100000000
00101111000000000
01101101000000000
11001100001011111
00010010100000000
10111110111011000
11100101010011111
10001101001010001
11000001111011000
10011001100101111
01101010100000000
11001111000001111
