1000000000001111110000110
0000000000000001110101101
0000000000000011010100000
1000000000001111110000101
1000000000001111101110001
1000000000001111101110100
0000000000000010000101111
1000000000001111101101101
1000000000001111101101110
1000000000001111101110000
0000000000000001111001000
0000000000000001111000111
1000000000001111101100000
1000000000001111101101011
0000000000000001110101110
1000000000001111101100001
1000000000001111101101010
0000000000000010001000000
0000000000000010010011000
1000000000001111101110101
0000000000000010010011001
1000000000001111101110110
0000000000000010010011010
0000000000000000000000011
0000000000000000000000010
1000000000001111101110001
1000000000001111101110100
0000000000000010000101111
1000000000001111101101101
1000000000001111101101110
1000000000001111101110000
0000000000000001111001000
0000000000000001111000111
0000000000000010010011011
0000000000000010010011100
1000000000001111101110010
0000000000000001110101110
0000000000000010010011101
0000000000000010010011110
0000000000000010010011111
1000000000001111101110101
0000000000000010010100000
1000000000001111101110110
0000000000000010010100001
0000000000000010010100010
0000000000000000000000011
0000000000000000000000010
1000000000001111101110100
1000000000001111101110001
0000000000000010000101111
1000000000001111101101101
1000000000001111101101110
1000000000001111101110000
0000000000000001111001000
0000000000000001111000111
0000000000000010010100011
0000000000000010010100100
1000000000001111101110011
0000000000000001110101110
0000000000000010010100101
0000000000000010010100110
0000000000000010010100111
1000000000001111101110101
0000000000000010010101000
1000000000001111101110110
0000000000000010010101001
0000000000000010010101010
0000000000000000000000011
1000000000001111101110100
0000000000000000000000010
1000000000001111101110001
0000000000000010000101111
1000000000001111101101101
1000000000001111101101110
1000000000001111101110000
0000000000000001111001000
0000000000000001111000111
0000000000000010010101011
0000000000000010010101100
1000000000001111101101011
1000000000001111101101100
1000000000001111101101010
1000000000001111101101001
1000000000001111101101000
1000000000001111101100111
1000000000001111101100110
1000000000001111101110011
1000000000001111101110010
1000000000001111101100101
1000000000001111101100011
1000000000001111101100010
1000000000001111101100001
1000000000001111101100100
1000000000001111101110001
1000000000001111101110100
1000000000001111101101101
0000000000000010000101111
1000000000001111101101110
1000000000001111101110000
0000000000000001111001001
1000000000001111101101111
1000000000001111100101100
1000000000001111100101011
1000000000001111100101010
1000000000001111100101001
1000000000001111101101100
1000000000001111101001101
1000000000001111101001100
1000000000001111101000011
1000000000001111100110000
1000000000001111101001011
0000000000000001111001000
1000000000001111100011100
1000000000001111100100111
0000000000000001110101110
1000000000001111100011101
1000000000001111101101101
1000000000001111101101011
0000000000000001110101011
1000000000001111101010001
1000000000001111101010000
0000000000000000010001010
1000000000001111101110000
1000000000001111101001111
1000000000001111101010011
0000000000000010110011001
1000000000001111101101100
1000000000001111101101110
0000000000000001111001001
1000000000001111100101100
1000000000001111100101001
1000000000001111100101010
1000000000001111100101011
1000000000001111101101111
1000000000001111101110100
1000000000001111101110001
1000000000001111101110010
0000000000000010000101111
1000000000001111101101101
1000000000001111101001101
1000000000001111101001100
1000000000001111101000011
1000000000001111100110000
1000000000001111101001011
0000000000000001111001000
0000000000000001110101110
1000000000001111101101011
0000000000000001110101011
1000000000001111101010001
1000000000001111101010000
0000000000000000010001010
1000000000001111101110000
1000000000001111101001111
1000000000001111101010011
1000000000001111101101100
0000000000000010110011001
1000000000001111101101110
0000000000000001111001001
1000000000001111100101100
1000000000001111100101001
1000000000001111100101010
1000000000001111100101011
1000000000001111101101111
1000000000001111101110100
1000000000001111101110001
1000000000001111101110010
0000000000000010000101111
1000000000001111101101101
1000000000001111101001101
1000000000001111101001100
1000000000001111101000011
1000000000001111100110000
1000000000001111101001011
0000000000000001111001000
0000000000000001110101110
1000000000001111101101011
0000000000000001110101011
1000000000001111101010001
1000000000001111101010000
0000000000000000010001010
1000000000001111101110000
1000000000001111101001111
1000000000001111101010011
1000000000001111101101100
0000000000000010110011001
1000000000001111101101110
0000000000000001111001001
1000000000001111100101100
1000000000001111100101001
1000000000001111100101010
1000000000001111100101011
1000000000001111101101111
1000000000001111101110100
1000000000001111101110001
1000000000001111101110010
0000000000000010000101111
1000000000001111101101101
1000000000001111101001101
1000000000001111101001100
1000000000001111101000011
1000000000001111100110000
1000000000001111101001011
0000000000000001111001000
0000000000000001110101110
1000000000001111101101011
0000000000000001110101011
1000000000001111101010001
1000000000001111101010000
0000000000000000010001010
1000000000001111101110000
1000000000001111101001111
1000000000001111101010011
1000000000001111101101100
0000000000000010110011001
1000000000001111101101110
0000000000000001111001001
1000000000001111100101100
1000000000001111100101001
1000000000001111100101010
1000000000001111100101011
1000000000001111101101111
1000000000001111101110100
1000000000001111101110001
1000000000001111101110010
0000000000000010000101111
1000000000001111101101101
1000000000001111101001101
1000000000001111101001100
1000000000001111101000011
1000000000001111100110000
1000000000001111101001011
0000000000000001111001000
0000000000000001110101110
1000000000001111101101011
0000000000000001110101011
1000000000001111101010001
1000000000001111101010000
0000000000000000010001010
1000000000001111101110000
1000000000001111101001111
1000000000001111101010011
1000000000001111101101100
0000000000000010110011001
1000000000001111101101110
0000000000000001111001001
1000000000001111100101100
1000000000001111100101001
1000000000001111100101010
1000000000001111100101011
1000000000001111101101111
1000000000001111101110100
1000000000001111101110001
1000000000001111101110011
0000000000000010000101111
1000000000001111101101101
1000000000001111101001101
1000000000001111101001100
1000000000001111101000011
1000000000001111100110000
1000000000001111101001011
0000000000000001111001000
0000000000000001110101110
1000000000001111101101011
0000000000000001110101011
1000000000001111101010001
1000000000001111101010000
0000000000000000010001010
1000000000001111101110000
1000000000001111101001111
1000000000001111101010011
1000000000001111101101100
0000000000000010110011001
1000000000001111101101110
0000000000000001111001001
1000000000001111100101100
1000000000001111100101001
1000000000001111100101010
1000000000001111100101011
1000000000001111101101111
1000000000001111101110100
1000000000001111101110001
1000000000001111101110011
0000000000000010000101111
1000000000001111101101101
1000000000001111101001101
1000000000001111101001100
1000000000001111101000011
1000000000001111100110000
1000000000001111101001011
0000000000000001111001000
0000000000000001110101110
1000000000001111101101011
0000000000000001110101011
1000000000001111101010001
1000000000001111101010000
0000000000000000010001010
1000000000001111101110000
1000000000001111101001111
1000000000001111101010011
1000000000001111101101100
0000000000000010110011001
1000000000001111101101110
0000000000000001111001001
1000000000001111100101100
1000000000001111100101001
1000000000001111100101010
1000000000001111100101011
1000000000001111101101111
1000000000001111101110100
1000000000001111101110001
1000000000001111101110011
0000000000000010000101111
1000000000001111101101101
1000000000001111101001101
1000000000001111101001100
1000000000001111101000011
1000000000001111100110000
1000000000001111101001011
0000000000000001111001000
0000000000000001110101110
1000000000001111101101011
0000000000000001110101011
1000000000001111101010001
1000000000001111101010000
0000000000000000010001010
1000000000001111101110000
1000000000001111101001111
1000000000001111101010011
1000000000001111101101100
0000000000000010110011001
1000000000001111101101110
0000000000000001111001001
1000000000001111100101100
1000000000001111100101001
1000000000001111100101010
1000000000001111100101011
1000000000001111101101111
1000000000001111101110100
1000000000001111101110001
1000000000001111101110011
0000000000000010000101111
1000000000001111101101101
1000000000001111101001101
1000000000001111101001100
1000000000001111101000011
1000000000001111100110000
1000000000001111101001011
0000000000000001111001000
0000000000000001110101110
1000000000001111101101011
0000000000000001110101011
1000000000001111101010001
1000000000001111101010000
0000000000000000010001010
1000000000001111101110000
1000000000001111101001111
1000000000001111101010011
1000000000001111101101100
0000000000000010110011010
1000000000001111101101110
0000000000000001111001001
1000000000001111100101100
1000000000001111100101001
1000000000001111100101010
1000000000001111100101011
1000000000001111101101111
1000000000001111101110100
1000000000001111101110001
0000000000000010000101111
1000000000001111101101101
1000000000001111101001101
1000000000001111101001100
1000000000001111101000011
1000000000001111100110000
1000000000001111101001011
0000000000000001111001000
0000000000000001110101110
1000000000001111101101011
0000000000000001110101011
1000000000001111101010001
1000000000001111101010000
0000000000000000010001010
1000000000001111101110000
1000000000001111101001111
1000000000001111100111100
1000000000001111101101100
0000000000000000001110000
0000000000000000001101111
0000000000000000001101110
1000000000001111101010011
1000000000001111101101101
0000000000000010110011010
1000000000001111101101110
0000000000000001111001001
1000000000001111100101100
1000000000001111100101001
1000000000001111100101010
1000000000001111100101011
1000000000001111101101111
1000000000001111101110100
1000000000001111101110001
1000000000001111110000100
0000000000000010000101100
1000000000001111110000010
1000000000001111110000000
1000000000001111110000001
1000000000001111101111111
0000000000000010000101111
0000000000000010000101110
0000000000000010000101011
0000000000000010000101101
0000000000000001111001000
1000000000001111101111101
1000000000001111101111110
1000000000001111101111100
0000000000000001111001001
1000000000001111101111011
1000000000001111101111010
0000000000000001110101110
0000000000000010000111010
0000000000000001111001010
0000000000000001111001011
0000000000000001111001100
0000000000000001111001101
0000000000000001111001110
0000000000000001111001111
0000000000000001111010000
0000000000000001111010001
0000000000000001111010010
0000000000000001111010011
0000000000000001111010100
0000000000000001111010101
0000000000000001111010110
0000000000000001111010111
0000000000000001111011000
0000000000000001111011001
0000000000000001111011010
0000000000000001111011011
0000000000000001111011100
0000000000000001111011101
0000000000000001111011110
0000000000000001111011111
0000000000000001111100000
0000000000000001111100001
0000000000000001111100010
0000000000000001111100011
0000000000000001111100100
0000000000000001111100101
0000000000000001111100110
0000000000000001111100111
0000000000000001111101000
0000000000000001111101001
0000000000000001111101010
0000000000000001111101011
0000000000000001111101100
0000000000000001111101101
0000000000000001111101110
0000000000000001111101111
0000000000000001111110000
0000000000000001111110001
0000000000000001111110010
0000000000000001111110011
0000000000000001111110100
0000000000000001111110101
0000000000000001111110110
0000000000000001111110111
0000000000000001111111000
0000000000000001111111001
0000000000000001111111010
0000000000000001111111011
0000000000000001111111100
0000000000000001111111101
0000000000000001111111110
0000000000000001111111111
0000000000000010000000000
0000000000000010000000001
0000000000000010000000010
0000000000000010000000011
0000000000000010000000100
0000000000000010000000101
0000000000000010000000110
0000000000000010000000111
0000000000000010000001000
0000000000000010000001001
0000000000000010000001010
0000000000000010000001011
0000000000000010000001100
0000000000000010000001101
0000000000000010000001110
0000000000000010000001111
0000000000000010000010000
0000000000000010000010001
0000000000000010000010010
0000000000000010000010011
0000000000000010000010100
0000000000000010000010101
0000000000000010000010110
0000000000000010000010111
0000000000000010000011000
0000000000000010000011001
0000000000000010000011010
0000000000000010000011011
0000000000000010000011100
0000000000000010000011101
0000000000000010000011110
0000000000000010000011111
0000000000000010000100000
0000000000000010000100001
0000000000000010000100010
0000000000000010000100011
0000000000000010000100100
0000000000000010000100101
0000000000000010000100110
0000000000000010000100111
0000000000000010000101000
0000000000000010000101001
0000000000000010000101010
0000000000000010000101011
0000000000000010000101110
1000000000001111110000001
1000000000001111101111111
1000000000001111110000000
1000000000001111110000010
1000000000001111110000100